d <- c(1,4,3,8,7)
d #벡터 전체 출력
d[1] #R은 1부터 시작
d[2]
d[3]
d[4]
d[5]
d[6]#값 없음
