v1 <- c(1,5,7,8,9)
v1
v1[2] <-3
v1
v1[c(1,5)]<-c(10,20) # 1, 5번째 값을 10,20으로 변경
v1
v1 <-c(100,200,300)
v1
